111 97 145 59
168 185 210 154
158 110 194 88
76 51 107 34
16 68 66 54
172 96 200 51
81 73 91 58
78 124 88 103
163 170 186 139
61 36 86 30
56 50 98 5
156 22 194 14
21 62 61 24
27 218 69 174
198 217 244 182
69 49 81 10
80 156 86 124
65 80 85 60
192 101 242 88
58 75 87 50
79 223 113 173
179 104 201 82
142 128 171 88
67 149 101 134
41 33 80 10
39 175 85 126
196 97 242 49
197 85 226 39
90 179 138 145
153 153 182 137
76 121 108 104
161 113 186 66
97 56 122 27
16 205 34 186
6 166 18 126
16 140 41 128
123 75 165 26
158 100 185 72
14 131 38 117
26 148 38 137
112 206 156 166
86 97 93 59
68 231 104 184
138 82 165 54
187 73 213 53
195 66 245 33
186 167 225 131
168 91 174 86
97 199 127 193
13 35 45 16
103 93 116 44
160 35 178 14
180 34 190 10
94 202 135 168
63 40 71 9
156 40 180 14
120 182 164 172
77 177 120 141
111 69 123 50
122 176 171 148
192 229 199 198
76 115 124 106
11 126 20 77
153 156 168 132
184 48 204 19
20 151 34 134
83 205 89 187
161 96 187 58
32 202 50 159
158 125 203 117
190 29 220 18
17 29 53 16
86 167 115 120
187 150 226 102
186 143 207 107
86 88 107 48
54 175 60 142
34 78 45 56
75 30 110 7
122 97 158 62
113 63 137 42
60 66 82 55
92 214 110 168
176 43 181 9
130 220 175 175
