86 124 94 87
98 90 131 52
137 141 159 98
134 111 163 79
184 72 224 25
149 122 160 78
38 145 66 123
148 44 196 14
161 223 196 196
56 200 105 176
153 136 189 117
152 33 164 18
131 27 178 14
77 87 85 39
37 168 79 124
102 123 129 102
196 212 214 199
166 43 175 9
178 195 202 151
126 133 173 92
99 149 115 142
153 140 189 122
36 222 44 183
93 173 135 146
8 206 51 177
29 94 75 73
28 61 52 53
80 179 124 171
83 184 99 156
19 73 49 53
187 45 237 34
26 129 42 99
94 131 133 119
127 106 174 79
199 122 232 85
189 20 197 12
85 97 106 50
136 186 180 145
141 84 179 49
71 58 82 48
16 62 38 42
119 35 125 19
43 50 73 41
178 143 209 121
54 96 90 64
159 117 177 105
188 208 221 168
101 134 119 129
134 146 164 97
135 58 182 26
26 74 58 67
110 149 126 129
65 220 81 175
36 242 51 195
48 166 76 117
10 166 58 136
58 78 76 29
22 97 28 73
19 224 25 199
102 134 124 121
25 145 59 137
66 127 111 90
144 84 169 50
123 60 138 15
190 113 236 68
106 27 121 5
186 160 224 138
25 81 53 31
153 201 198 185
179 187 212 151
69 88 77 66
97 182 122 169
103 80 131 33
59 33 88 7
48 35 53 13
75 168 86 150
47 88 76 55
143 208 156 190
129 206 137 165
29 212 62 179
111 212 155 182
64 111 82 82
152 119 199 94
153 158 177 129
148 146 196 140
188 237 202 190
24 161 43 145
102 142 114 96
91 146 127 103
111 188 152 144
157 152 205 114
144 106 157 61
77 167 120 151
44 199 80 168
185 225 217 198
100 137 136 102
50 110 77 93
196 127 226 81
147 189 177 142
42 148 65 140
35 119 41 112
129 225 152 190
103 117 115 75
34 202 41 185
104 29 126 5
50 215 56 169
179 150 201 128
85 180 95 145
19 216 34 184
32 202 52 173
154 167 160 125
94 146 103 107
163 157 206 117
93 77 135 31
177 33 187 17
164 220 184 181
93 77 131 55
101 227 138 188
62 203 109 160
80 28 97 19
176 158 192 111
114 174 137 167
160 195 200 151
24 82 53 66
175 92 185 82
120 51 158 41
8 88 32 51
6 180 49 146
109 95 145 83
187 110 216 62
189 99 219 60
122 185 153 151
62 96 74 49
175 72 211 57
73 116 96 69
85 117 128 84
30 167 80 152
39 186 83 159
186 186 198 160
150 108 164 102
157 221 199 194
85 149 126 112
186 211 212 179
200 73 212 66
124 162 171 123
