70 58 86 36
77 219 115 190
20 126 67 106
187 135 210 129
52 217 102 167
85 165 120 124
20 117 49 95
177 207 187 165
131 235 152 189
119 165 133 141
33 105 42 76
72 72 119 33
88 104 96 82
22 74 54 24
112 133 148 126
37 136 63 97
110 91 145 77
61 209 87 188
109 71 153 55
56 80 92 50
23 209 47 177
159 93 184 71
151 46 176 41
174 102 180 62
75 33 114 19
161 59 177 41
72 71 80 43
46 61 75 15
70 39 79 17
80 176 91 154
20 182 65 142
164 137 199 92
136 152 160 146
138 127 156 108
24 215 46 179
193 64 212 21
193 82 203 50
138 160 163 131
111 11 136 5
86 123 96 97
52 217 76 198
15 117 44 102
98 202 138 170
188 211 223 192
20 90 50 55
136 172 163 135
103 87 119 49
158 84 173 42
80 113 115 100
109 66 154 17
31 150 53 118
134 58 147 8
120 42 143 24
121 205 135 165
28 198 68 185
51 111 79 63
160 231 190 198
23 93 59 67
120 192 135 154
29 105 37 84
187 136 205 113
164 42 207 30
179 191 202 162
99 117 138 72
83 119 111 108
118 110 163 71
143 228 162 185
80 187 112 155
92 118 135 92
157 54 175 42
180 200 224 182
167 155 187 125
142 128 184 83
31 175 74 132
130 127 136 106
167 122 189 95
98 198 141 162
27 224 62 192
149 170 193 159
71 127 85 80
54 47 66 29
156 220 197 193
142 150 159 104
75 53 116 31
179 45 196 5
33 70 80 46
146 190 169 161
149 52 185 26
82 152 120 140
161 29 175 9
26 21 67 16
159 238 198 191
20 57 30 13
148 119 155 103
88 139 122 134
67 237 113 189
59 142 78 131
53 201 103 183
108 56 136 29
196 136 214 119
140 45 147 33
66 49 107 37
158 221 181 173
118 76 153 52
11 83 38 37
102 108 121 72
178 155 216 106
127 153 140 128
192 69 242 30
199 70 232 35
65 171 97 144
36 89 79 82
100 211 132 165
24 193 40 183
98 124 136 117
6 179 56 166
141 132 184 90
69 84 114 62
135 143 168 110
75 119 80 89
171 51 199 39
89 215 117 177
94 175 105 167
11 120 26 70
114 148 151 103
162 170 181 155
80 203 109 165
101 58 148 12
183 103 229 87
137 117 162 95
57 172 100 131
169 74 197 62
74 174 95 169
44 39 90 34
16 49 24 22
185 198 234 177
138 51 155 33
98 142 125 99
22 131 50 103
10 124 33 108
125 198 149 181
161 59 200 24
92 195 142 172
89 194 95 156
124 72 160 37
96 172 108 139
134 202 180 166
132 58 176 42
89 217 136 195
171 152 208 119
59 211 103 193
68 125 83 101
144 51 167 28
171 181 188 165
113 145 130 106
65 207 84 175
42 100 89 76
52 111 78 80
161 55 183 41
175 140 181 109
141 204 154 165
79 148 117 131
186 81 196 69
8 120 14 74
100 177 133 139
128 137 145 96
195 206 236 178
191 81 225 58
19 188 28 155
5 90 45 75
13 137 55 121
33 47 73 36
43 67 53 25
161 59 208 14
93 145 115 105
73 181 101 159
125 155 138 135
136 87 172 51
151 66 165 21
161 209 177 168
195 165 229 120
90 203 115 154
195 143 244 124
124 186 158 173
168 216 197 183
