250 50 250 250
245 55 255 245
240 60 260 240
235 65 265 235
230 70 270 230
225 75 275 225
220 80 280 220
215 85 285 215
210 90 290 210
205 95 295 205
200 100 300 200
195 105 305 195
190 110 310 190
185 115 315 185
180 120 320 180
175 125 325 175
170 130 330 170
165 135 335 165
160 140 340 160
155 145 345 155
150 150 350 150
145 155 355 145
140 160 360 140
135 165 365 135
130 170 370 130
125 175 375 125
120 180 380 120
115 185 385 115
110 190 390 110
105 195 395 105
100 200 400 100
95 205 405 95
90 210 410 90
85 215 415 85
80 220 420 80
75 225 425 75
70 230 430 70
65 235 435 65
60 240 440 60
55 245 445 55
50 250 450 50
45 255 455 45
40 260 460 40
35 265 465 35
30 270 470 30
25 275 475 25
20 280 480 20
15 285 485 15
