166 37 196 25
86 181 129 133
70 228 80 183
105 143 126 107
96 159 118 136
37 142 55 136
119 129 126 96
57 103 90 63
41 98 87 60
32 187 79 158
130 224 138 180
19 87 25 42
175 129 212 81
139 174 179 143
147 78 176 33
34 93 44 81
40 115 59 78
120 118 149 68
37 61 53 33
98 70 122 39
30 131 72 113
178 115 188 109
72 54 85 6
34 78 69 51
144 196 176 177
180 92 188 83
106 139 138 101
28 93 37 60
29 229 60 200
135 82 165 75
152 92 190 69
68 96 96 57
61 232 92 189
151 170 179 122
182 86 232 71
197 110 242 93
181 64 221 57
75 20 119 14
113 205 153 179
198 114 211 105
169 130 217 93
141 205 168 196
98 129 123 113
137 64 169 59
28 228 77 181
185 88 233 52
117 106 130 61
55 160 76 124
44 35 56 22
17 83 53 54
38 88 44 63
115 222 153 180
167 131 191 120
91 81 117 74
31 151 74 119
23 205 36 171
13 123 41 89
60 205 109 186
19 58 37 12
118 129 159 124
144 57 149 43
158 71 188 29
191 216 198 191
37 128 75 87
197 142 246 122
159 118 180 92
69 102 83 95
74 110 87 66
165 156 176 135
146 65 160 46
56 90 74 55
20 206 52 171
92 134 101 125
49 91 71 70
189 53 217 42
169 248 217 200
88 82 110 54
123 110 169 73
154 101 187 52
49 176 78 165
40 61 68 32
124 127 159 88
143 120 192 105
123 40 141 22
6 199 22 157
159 63 189 54
10 71 51 59
56 34 94 27
42 155 71 112
165 142 203 127
54 206 90 159
33 223 52 185
91 181 136 173
65 163 82 119
74 190 102 168
161 207 185 190
12 70 46 59
33 150 73 114
81 156 119 148
99 66 135 49
63 94 71 75
71 24 98 7
99 46 127 32
189 61 227 15
173 104 213 94
16 177 30 156
103 52 111 29
60 125 79 82
125 119 133 95
89 126 135 80
76 168 98 120
173 163 199 152
186 61 203 22
104 195 153 171
11 187 16 154
69 89 76 65
106 147 139 100
88 153 127 119
32 189 69 177
57 107 95 79
21 210 65 199
91 106 112 93
70 143 119 96
194 155 204 135
65 196 83 150
158 144 171 111
122 121 130 86
182 228 220 182
176 55 187 18
134 145 140 103
101 192 112 150
157 245 169 198
176 102 208 85
161 180 180 130
26 89 46 54
178 196 208 148
39 182 75 163
86 112 111 64
163 210 197 189
31 201 67 155
73 65 105 33
55 189 67 164
179 87 194 40
142 101 173 54
73 79 84 58
120 95 137 90
11 135 25 102
113 161 139 154
148 214 191 183
154 36 178 8
157 165 204 157
55 106 66 79
193 90 230 67
181 108 215 86
170 214 176 189
173 35 222 16
22 42 37 34
15 66 48 54
90 168 138 143
88 163 135 126
157 168 173 129
57 71 92 50
72 167 81 131
15 83 42 71
99 193 110 175
