110 59 140 53
169 41 202 28
80 154 122 126
172 181 177 171
55 218 102 193
10 92 24 73
128 224 165 175
152 130 193 95
11 97 47 74
53 59 82 30
34 187 52 166
88 206 109 162
177 129 207 108
149 213 171 163
154 109 202 88
118 67 140 24
56 36 75 26
72 29 107 17
118 239 151 198
89 48 118 37
100 152 122 115
35 187 58 166
138 103 181 53
30 178 63 154
15 168 35 163
8 50 43 12
12 133 62 115
158 201 169 196
54 103 78 93
88 118 132 89
86 169 101 120
160 65 208 49
50 33 56 16
75 47 83 41
184 45 206 24
146 99 166 93
176 43 185 29
184 175 207 146
83 76 109 58
24 58 46 51
147 174 178 139
174 169 212 144
161 181 201 172
167 139 213 110
46 116 83 95
157 235 205 186
85 108 131 89
81 182 87 160
120 137 169 89
31 159 68 122
158 98 176 75
60 92 79 65
48 25 64 8
46 165 90 153
176 222 218 191
157 60 193 12
47 216 52 191
94 187 132 147
5 112 16 62
132 189 171 148
50 47 80 34
151 150 197 101
39 39 82 14
166 151 205 103
164 208 183 159
193 18 220 9
63 120 80 114
84 130 111 124
132 155 152 111
192 120 241 99
137 202 166 169
187 202 215 167
103 232 119 190
107 141 139 107
116 200 133 193
154 156 162 127
159 90 177 74
94 108 141 94
30 44 57 38
40 148 82 125
38 113 54 100
39 188 56 143
162 200 179 178
136 195 168 187
78 58 85 42
73 230 95 192
107 174 151 148
189 175 218 159
171 108 185 83
77 151 91 140
85 74 95 55
192 79 215 54
37 83 44 33
121 218 127 177
84 99 109 90
200 215 227 166
72 38 105 32
70 234 107 189
169 203 189 195
146 199 170 150
183 48 225 24
127 30 165 8
76 20 105 14
177 97 215 79
95 214 134 169
122 166 138 151
86 61 117 41
115 170 122 144
198 170 226 120
40 103 55 57
93 194 112 175
85 209 127 175
199 220 224 193
132 176 154 170
49 148 98 122
104 127 143 122
100 169 115 120
141 30 190 13
70 149 107 115
148 63 156 37
97 189 129 147
51 158 90 127
104 230 122 185
184 224 227 182
129 166 163 148
