30 134 60 89
195 180 212 164
114 81 158 48
29 50 44 37
37 197 50 158
125 182 168 141
49 210 93 175
147 85 169 63
113 139 144 98
70 157 112 141
131 149 152 134
144 144 159 125
114 85 139 65
146 155 159 146
72 69 113 25
45 104 62 63
88 43 118 31
141 159 163 146
103 191 121 149
30 109 77 95
27 200 38 174
89 54 117 5
189 152 202 147
17 182 62 149
119 84 129 78
35 48 49 33
11 218 18 172
10 77 29 67
28 169 78 160
169 32 187 12
105 122 128 94
200 59 224 54
165 210 202 195
144 198 178 160
21 29 65 24
184 65 233 16
108 47 136 41
144 87 185 56
111 80 146 43
166 36 184 6
157 163 183 128
118 246 163 196
164 189 170 145
105 225 151 185
147 83 175 38
