128 139 167 117
111 96 125 79
101 185 147 163
103 214 125 191
38 160 83 130
62 118 87 83
42 221 84 187
44 81 87 66
102 69 133 26
152 56 202 9
105 63 115 21
166 71 177 32
108 164 127 148
63 175 87 152
155 87 180 81
160 231 178 195
175 15 206 6
95 138 126 116
155 94 167 59
69 183 83 171
124 188 170 157
151 200 177 183
41 169 51 162
145 12 166 7
193 45 228 11
126 38 171 32
127 134 153 127
157 45 183 5
91 165 137 136
39 232 85 182
50 196 93 179
150 80 183 50
134 131 158 95
32 69 40 23
27 205 57 156
159 58 201 12
112 150 148 118
38 192 79 144
99 185 118 135
179 185 219 179
199 183 234 150
96 103 143 91
136 58 154 39
164 141 174 103
103 74 122 47
168 53 182 35
116 198 144 162
14 244 23 199
5 228 16 188
82 179 93 155
165 101 179 84
23 125 29 101
92 140 124 112
143 80 175 47
173 160 199 118
111 196 149 171
118 149 165 136
18 174 58 158
14 186 62 163
179 160 225 153
171 80 215 43
123 187 161 169
177 145 203 136
159 193 167 174
92 173 121 165
