186 153 233 115
182 83 231 78
147 230 186 189
51 115 73 101
58 152 93 105
65 112 110 80
33 85 65 72
62 147 106 126
130 188 160 160
152 69 158 49
85 158 135 118
13 241 45 197
169 178 189 137
25 163 37 122
54 63 101 35
83 52 114 34
184 85 198 69
44 51 79 31
182 125 190 113
127 155 177 107
84 99 102 62
125 145 135 130
94 195 104 158
121 196 138 148
186 206 203 170
119 115 141 99
32 166 68 123
142 162 175 155
42 35 83 21
176 164 185 148
41 223 79 200
157 77 190 34
107 24 153 11
37 120 68 86
144 197 184 163
148 169 188 131
112 193 152 147
129 67 161 62
74 75 119 60
32 78 38 58
102 68 143 19
138 62 164 50
112 161 125 137
75 95 121 60
27 81 44 44
107 62 149 12
60 160 67 132
91 160 130 144
197 111 235 83
83 162 118 143
170 48 183 42
86 108 100 76
60 203 94 172
90 201 130 153
147 197 191 184
111 82 118 62
173 113 217 75
130 63 176 38
120 181 132 160
92 22 114 16
92 38 128 19
16 139 28 124
39 197 85 182
112 165 135 139
91 150 133 111
178 91 189 45
117 186 138 180
61 157 103 128
26 43 71 28
7 183 14 137
56 58 97 39
13 209 23 160
10 88 41 56
166 120 204 87
173 196 181 189
129 131 148 119
190 194 240 185
92 209 97 185
78 101 121 55
60 165 87 148
115 112 164 66
36 188 43 175
77 135 125 110
80 32 99 22
148 52 160 16
109 225 118 188
122 176 159 128
18 137 36 90
10 50 40 12
173 51 205 18
42 52 59 44
182 225 221 184
12 52 44 11
112 120 138 111
172 64 209 54
63 218 98 185
109 136 151 113
128 103 147 66
67 88 90 55
16 83 59 37
17 96 54 85
83 47 105 36
161 142 210 124
7 143 40 111
138 190 183 178
